1 652 454 913 367 1046 280 
2 671 451 925 373 985 282 
3 689 451 934 376 971 289 
4 758 454 940 375 967 291 
5 709 447 937 375 973 291 
6 704 462 872 378 971 291 
7 665 466 931 376 971 286 
8 697 534 1160 393 1258 232 
9 659 552 1157 387 1249 235 
10 712 549 1156 381 1231 238 
11 599 546 1034 381 1106 226 
12 646 543 1100 376 1165 234 
13 662 537 1150 387 1241 226 
14 713 631 
15 671 456 913 372 1037 295 
16 647 433 863 373 959 306 
17 862 375 947 312 
18 629 435 862 373 950 313 
19 863 378 953 315 
20 673 439 862 373 964 313 
21 677 423 866 373 952 310 
22 671 424 865 378 946 310 
23 496 211 668 427 866 375 952 312 
24 671 424 865 376 953 309 
25 673 429 860 375 952 312 
26 670 430 865 375 958 312 
27 673 429 868 372 958 307 
28 671 445 862 376 955 309 
29 667 447 865 376 950 310 
30 670 433 862 375 953 310 
31 683 438 860 373 953 312 
32 
33 
34 655 409 865 373 958 310 
35 659 403 859 376 956 310 
36 
37 677 433 862 375 961 309 
38 586 270 673 439 862 370 959 309 
39 667 426 860 379 946 306 
40 668 423 865 375 946 312 
